РЕПУБЛИКА СРБИЈА	57231	41508	64847	46990	65695	47814	68246	49635	64860	47136	67857	49238	66251	48101	65094	47220	66438	48212	64602	46879	65609	47575	74887	54344
СРБИЈА – СЕВЕР	62413	45289	71829	52098	73703	53762	76250	55580	71972	52401	75301	54749	73387	53409	72386	52577	73601	53499	71359	51847	72592	52696	84919	61725
Београдски регион	72130	52367	80793	58698	84016	61384	84840	61944	82376	60186	84054	61159	82879	60506	81191	59128	83322	60756	80304	58359	81061	58902	93567	68207
Београдска област	72130	52367	80793	58698	84016	61384	84840	61944	82376	60186	84054	61159	82879	60506	81191	59128	83322	60756	80304	58359	81061	58902	93567	68207
Барајево	43783	31704	52487	38036	52297	37905	52578	38105	50281	36433	55868	40478	52730	38215	52331	37929	53127	38487	52371	37967	49602	35957	58664	42548
Вождовац	58290	42257	66819	48201	63657	45967	62635	45341	65558	48551	70968	52365	67334	49472	66102	48706	64738	46901	67920	50203	64764	47647	65956	48367
Врачар	71597	51486	88654	63876	92615	66527	89650	65012	79174	57038	104381	75124	70919	50973	86021	61693	86158	61925	85082	61371	87907	63548	111044	80329
Гроцка	36010	26138	50624	36760	51998	37679	60805	44120	44553	32323	53294	38667	52598	38171	52757	38395	53642	38872	52579	38191	52804	38380	66040	48035
Звездара	58062	41660	65531	47180	65243	47013	65115	46903	66301	47860	66131	47599	64378	46388	66770	48143	67759	48844	64862	46826	66770	48137	71594	51716
Земун	67815	49480	73662	53337	76653	55787	73981	53781	74388	54066	76228	55331	75538	55368	75009	54850	76464	55846	71650	52639	73482	53501	82862	60312
Лазаревац	87804	62755	94063	67122	96539	68932	94156	67248	93387	66682	95147	67899	91832	65554	93260	66588	91911	65627	88822	63475	91477	65363	90059	64338
Младеновац	43336	31474	47578	34538	47437	34501	47890	34628	47942	34660	48607	35255	47832	34710	48366	34672	48708	35321	48183	34986	48507	35195	50866	36779
Нови Београд	83229	60849	94623	70033	99242	73788	107343	79975	101328	74706	98340	72310	103725	76466	96035	70395	104368	77361	95272	69188	96414	70559	127497	94001
Обреновац	69468	49801	75990	54472	74109	53162	75919	54431	73662	52829	74802	53612	73020	52371	73857	52975	75113	53830	72350	51912	79295	56861	74995	53796
Палилула	75830	56265	83248	61569	82329	61213	92067	68248	83715	62187	85686	63559	84935	63018	82326	60995	85009	63047	82535	61361	82566	61163	89768	66365
Раковица	48851	35362	55367	39982	57706	42102	55433	40001	55485	40097	55470	40191	56483	40888	55252	39990	55473	40093	55746	40273	54755	39573	62164	45155
Савски венац	59572	42634	72170	51879	74063	53510	71977	51869	73002	52578	72743	52350	73426	52848	72863	52732	72598	52451	72417	51895	73097	52552	80559	58287
Сопот	42932	31233	46064	33526	47279	34443	47350	34440	48020	34922	47739	34703	48111	35101	48326	35295	48437	35238	47804	34738	48048	34939	52246	37957
Стари град	85808	62741	88041	63870	99650	73521	92336	67251	89785	65845	90749	66022	101268	75054	89093	65099	93034	67974	92530	67887	88666	64589	104965	76691
Чукарица	60402	43990	67044	48766	68143	50312	68049	49579	64200	47001	69409	51135	66539	48278	67376	50035	63233	45872	63195	45867	62759	45543	68860	49848
Сурчин	104020	74332	108018	76151	126135	89993	119860	86205	133547	99623	122207	87312	106878	76417	116809	83293	119986	85975	105648	75214	113167	80550	127397	90608
Регион Војводине	52282	37910	62505	45233	63007	45857	67344	48983	61176	44323	66253	48123	63593	46087	63276	45799	63526	45979	62032	45057	63728	46201	75848	54926
Западнобачка област	44689	32424	54236	39282	53511	38748	56705	41190	52614	38066	55904	40445	54766	39611	54064	39143	55750	40362	54283	39288	54301	39257	64903	46925
Апатин	52621	39204	58582	42358	56052	40553	67889	49516	54690	39365	59572	43088	64959	46756	59882	43219	58796	42426	56739	41083	60369	43600	77873	56268
Кула	50898	36847	55743	40440	53454	38804	54349	39413	53530	38808	54472	39461	54823	39885	50757	36790	54690	39611	54318	39453	48419	35062	60940	44119
Оџаци	26106	19031	51430	37325	55680	40515	52299	37952	49338	35812	56179	40769	51250	37167	54944	40115	56193	40878	56760	41109	54917	39781	85155	61699
Сомбор	46313	33359	53555	38763	52265	37763	56076	40715	52800	38189	55392	40024	53337	38529	53449	38617	55218	39947	52924	38247	54550	39403	56587	40860
Јужнобанатска област	57058	41351	64672	46699	63880	46262	69323	51087	65595	47371	69051	49886	63757	46076	66235	47820	63875	46139	62694	45294	66663	48145	78034	56229
Алибунар	40291	29303	39713	28870	41644	30279	42176	30635	41981	30506	44642	32099	45058	32456	44192	32141	42792	31148	44239	32153	43919	32102	44810	32595
Бела Црква	42659	31109	46871	34100	48013	34973	48767	35500	48433	35489	49821	36288	48454	35254	49106	35416	49070	36006	48913	35645	49090	35681	62835	45696
Вршац	69090	50174	74006	53294	71965	51865	80999	59743	71824	51805	90068	64667	73173	52732	72338	52080	73297	52773	71241	51338	72316	52009	94193	67497
Ковачица	37634	27374	48179	35024	47498	34591	51150	37209	47978	34820	52283	37933	52353	38002	48663	35364	48576	35306	48689	35380	49536	35986	70376	50964
Ковин	37756	27451	58762	42572	60507	44411	60252	43840	57507	41740	59620	43334	60855	44098	58775	42727	59814	43399	59328	43031	59004	42786	79447	58042
Опово	51778	37597	48584	35396	48799	35409	51570	37352	49270	35739	49232	35705	50125	36357	50054	36283	51160	37082	50078	36302	50237	36406	55162	39887
Панчево	60762	43884	69197	49907	67646	48936	73489	54390	71796	51730	68017	49246	65499	47327	72293	52132	66690	48097	65063	46918	72888	52566	77722	55919
Пландиште	48344	35531	46127	33615	47415	34628	51170	37793	47201	34444	48335	35239	48091	35121	47377	34566	46710	34124	48641	35785	50079	37043	48403	35358
Јужнобачка област	54110	39263	69233	50161	70656	51696	74915	54426	65442	47541	72580	53054	70054	50900	68652	49748	69758	50549	67616	49401	69907	50868	85389	62010
Бач	41435	30068	45404	33001	43700	31803	45462	33048	44044	32059	46454	33742	46058	33460	44467	32335	45695	33193	46262	33640	46733	33958	48920	35621
Бачка Паланка	53462	38093	69404	50221	87171	67246	73797	53617	61877	45014	65659	47593	77282	56768	64239	46663	65190	47284	67745	49045	63871	46214	72571	52377
Бачки Петровац	34755	25368	43926	31722	45101	32916	54060	39023	35364	25397	44618	32231	44387	32067	34958	25271	44583	32192	44902	32421	47095	34096	49264	35560
Беочин	53908	39081	69368	50319	91018	68500	66098	47971	61505	44689	69387	49980	63118	45674	56117	40785	64007	46487	60221	43676	62865	45388	74911	54161
Бечеј	50687	36520	54685	39504	54748	39598	57019	41192	54328	39267	57873	41755	54275	39192	54292	39285	56372	40764	56880	41080	55539	40167	60641	43793
Жабаљ	49885	36142	52801	38347	51124	37510	53777	39018	49385	35397	53349	38700	54692	40079	52703	38264	54230	39358	54761	39815	56459	41050	57491	41698
Град Нови Сад	56037	40754	73863	53532	73528	53461	81045	58916	69538	50536	78392	57476	74138	53834	73720	53406	74930	54298	71686	52519	75204	54799	94513	68710
Нови Сад	57021	41475	74611	54083	74268	54010	82032	59646	70113	50962	79286	58159	74937	54423	74434	53929	75688	54854	72392	53061	75984	55383	96072	69855
Петроварадин	33803	24478	57050	41172	56981	41197	58947	42566	56614	40958	58346	42141	56200	40610	57582	41587	57936	41838	55802	40334	57766	41726	59643	43094
Србобран	39810	28900	49956	36187	48518	35193	52319	37847	47298	34289	50797	36767	51363	37192	49029	35550	52295	37858	47130	34122	50298	36566	58074	41996
Сремски Карловци	47412	34204	54565	39430	53296	38532	44234	32099	61221	44178	55259	40108	54160	39210	53950	39068	55610	40253	53919	39020	54438	39431	60626	43722
Темерин	46995	34061	50390	36639	51804	37563	53055	38566	53229	38903	56879	41447	54583	39827	55545	40589	52120	37843	51603	37600	51613	37524	56041	40520
Тител	40975	29766	46147	33498	45454	32955	47118	34134	45414	32952	48451	35128	44946	32290	45371	32928	48945	35469	46623	33792	47266	34246	53554	38968
Врбас	50636	36754	55720	40235	55003	39831	55619	40235	57309	41556	56928	41076	55507	40077	59043	42591	55870	40425	57084	41382	57663	41786	63643	46222
Севернобанатска област	49653	35920	53689	38797	54572	39542	58766	42513	56677	41035	60105	43531	58403	42313	58519	42340	58275	42136	57353	41496	58728	42463	68244	49320
Ада	51952	37443	57955	41824	58713	42350	60706	43756	57032	41154	62430	44968	60338	43502	58652	42309	60002	43240	61621	44425	63188	45639	66052	47637
Кањижа	52747	38287	61462	44652	58600	42561	62146	44888	61844	44936	67164	49089	61923	44919	72036	52172	64059	46547	61038	44147	62686	45380	79891	57667
Кикинда	50182	36282	53280	38469	54132	39173	59047	42701	56978	41214	60637	43802	58271	42286	57010	41201	57691	41670	57102	41257	57614	41607	65347	47246
Нови Кнежевац	51892	37199	58023	41744	57600	41638	58402	42044	58266	42124	61260	44128	59707	43004	59237	42706	59788	43002	60061	43297	60573	43650	67701	48752
Сента	45610	33105	47356	34190	51343	37359	56955	41413	53748	38970	55458	40326	57010	41308	54821	39813	56041	40574	54567	39707	57210	41478	70130	50743
Чока	46362	33618	49911	36180	49667	36007	51920	37569	50186	36362	50849	36710	51012	36924	50062	36285	52212	37818	50070	36293	53117	38462	58764	42621
Севернобачка област	54423	39495	59106	42742	58761	42730	62441	45184	59223	42788	63279	45650	61368	44392	58807	42523	60003	43350	58356	42185	59562	43040	68092	49194
Бачка Топола	50112	36186	58049	41901	55804	40319	57573	41570	54991	39720	56481	40793	55277	39943	53344	38558	55226	39918	54374	39321	55434	40066	57096	41231
Мали Иђош	41757	30405	45042	32789	44594	32522	45704	33226	44600	32389	47206	34318	47030	34192	46852	34066	46498	33826	46008	33467	46808	33993	47846	34768
Суботица	55884	40589	59973	43374	60076	43737	64299	46541	60832	43944	65501	47231	63347	45823	60563	43786	61670	44539	59813	43225	61072	44121	71383	51565
Средњобанатска област	52320	37812	58760	42409	58647	42338	61246	44273	60008	43364	60564	43641	60282	43456	59863	43154	60239	43453	59636	43009	59315	42767	65622	47309
Житиште	46110	33266	54509	39443	55104	39843	56568	40827	54212	39099	56425	40540	53181	38358	55267	39867	54259	39193	56452	40816	56788	40951	63896	46227
Зрењанин	55522	40111	61886	44614	61180	44128	64229	46418	63198	45652	63235	45539	63410	45662	62869	45276	62911	45355	62446	44995	61748	44506	67424	48581
Нова Црња	51299	37083	54777	39553	54133	39113	55891	40317	52594	38050	59225	42717	54889	39608	51257	37030	56943	41084	53474	38650	54622	39446	56941	40896
Нови Бечеј	40382	29301	44432	32335	48656	35321	48595	35282	47904	34754	48013	34826	46443	33626	47258	34318	48635	35207	45849	33249	47378	34193	55803	40370
Сечањ	35776	25937	47257	34230	46721	33863	49024	35492	47219	34209	49056	35460	49905	36396	48253	34934	49259	35637	48593	35166	47569	34433	61430	44383
Сремска област	47359	34376	56921	41227	57579	41830	63306	46121	55240	40023	61611	44700	57629	41788	59423	43107	58431	42380	57496	41708	58538	42476	71088	51571
Инђија	52784	38383	58419	42327	58257	42360	61100	44324	55752	40466	61724	44809	58065	42170	58732	42701	58159	42235	55663	40512	57146	41455	68290	49628
Ириг	38297	27839	45317	32636	49651	36368	50696	36839	47865	34762	51072	36987	51370	37230	49816	36176	51356	37221	47789	34640	57826	41899	62840	45518
Пећинци	58901	42967	70390	50873	67292	48959	86122	63806	73313	52709	77091	55993	66830	48533	75018	54236	70572	51176	71546	51859	73044	52829	85432	61870
Рума	45111	32631	52793	38229	51649	37462	54340	39428	51182	37143	53496	38572	52424	37965	53869	39159	53995	39121	51975	37680	52993	38410	59363	42895
Сремска Митровица	45980	33263	61206	44338	62906	45551	67711	49405	60732	43965	63655	46001	63486	45864	63198	45734	63525	45905	61864	44719	62664	45413	78587	56866
Стара Пазова	43725	31823	50408	36570	53441	39041	59046	42886	48183	35004	61312	44851	52031	37947	56583	41144	51765	37740	54331	39588	53800	39213	70342	51365
Шид	46419	33669	56631	40964	55414	40002	64572	46888	49581	35879	58887	42580	57379	41402	55185	39914	60697	43972	56233	40581	59377	43039	66560	48027
СРБИЈА – ЈУГ	50313	36460	55518	40165	54992	39864	57550	41689	55361	40102	57932	41891	56741	41028	55374	40080	56877	41155	55553	40228	56230	40696	61370	44399
Регион Шумадије и Западне Србије	49773	36189	54181	39274	54212	39363	56346	40923	54150	39271	56603	41028	55472	40233	54548	39539	55665	40384	54556	39579	55155	39999	61319	44444
Златиборска област	56417	41371	56050	40551	55586	40233	59461	43049	55220	40030	57678	41763	55724	40359	56407	40791	56774	41067	56389	40767	57063	41319	62415	45169
Ариље	38251	27979	41067	29962	45511	33154	46229	33750	39250	27956	45948	33434	42471	31103	44228	32222	48498	35247	43892	32007	44121	32157	50853	37145
Бајина Башта	53925	39648	50995	36944	51212	37123	51443	37300	50937	36869	53481	38829	49078	35423	52683	38507	53079	38521	50434	36603	53083	38363	54724	39623
Косјерић	51560	37351	82567	59474	83936	60698	72974	52707	68198	51365	59082	43182	71166	51560	78619	56381	57546	41619	67682	48763	75653	54454	87823	63380
Нова Варош	44139	31988	47259	34245	46457	33669	49900	36138	49141	35608	50432	36462	49388	35774	49681	35974	49346	35711	47040	33804	50587	36906	51880	37580
Пожега	40447	29474	48584	35371	50159	36541	50497	36764	45643	33526	53855	39756	42943	31301	49092	35742	46823	33898	47934	34977	44617	32520	52661	37949
Прибој	44004	32133	45025	32903	45362	33142	46654	34053	46160	33707	45882	33488	46375	33848	45694	33360	46250	33765	45611	33289	46160	33676	48374	35253
Пријепоље	41979	30595	44519	32369	46530	33892	46800	34045	46175	33610	46291	33584	45215	33018	46027	33390	45823	33341	45834	33473	44410	32368	50091	36527
Сјеница	98647	78467	53447	38681	51251	36811	52685	38087	50736	36719	53730	38824	51855	37502	51024	36857	53265	38499	52034	37647	50939	36829	53997	39142
Град Ужице	63916	46062	65481	47200	63368	45710	71796	51800	64888	46812	67612	48677	66472	47925	65357	47099	67278	48508	67104	48229	68147	49145	73703	53171
Ужице	55917	40305	64197	46253	61899	44617	70209	50680	63375	45663	65636	47241	63263	45576	63832	45974	65497	47151	64325	46325	66147	47564	73283	52706
Севојно	92976	66981	70303	50753	68935	49853	77767	56013	70580	51134	75063	54089	78571	56780	71098	51329	73903	53554	77439	55310	75656	55079	75285	54921
Чајетина	51399	37562	50859	36829	48136	34953	53637	38955	53892	39335	53165	38528	52289	38188	52486	37700	51106	37062	51998	37969	53650	39180	60582	44111
Колубарска област	50937	36698	56633	40875	56232	40621	58053	41891	56568	40918	58640	42346	60308	43596	55816	40275	58806	42476	57502	41594	58632	42342	64324	46408
Ваљево	48803	35167	55198	39832	53691	38799	56663	40882	55345	40005	57654	41642	60588	43739	53117	38251	58022	41897	56666	40918	57962	41817	65087	46895
Лајковац	83676	59802	90902	64922	95394	68081	91243	65165	92575	66095	92195	65850	89845	64194	94544	67486	90134	64389	87548	62585	88770	63447	88676	63363
Љиг	39879	29057	43288	31653	43370	31692	40323	30747	41966	32277	43451	33058	43529	33353	43142	33068	43019	32879	43273	33314	44002	33676	47235	35964
Мионица	47253	34260	47838	34765	48585	35312	48554	35232	47906	34801	49545	35998	48712	35420	48734	35392	49579	36016	49114	35663	50337	36574	50722	36843
Осечина	38446	28084	47732	34623	45393	33008	58346	42211	39585	28122	47584	34455	47891	34694	54153	39246	55042	39871	51395	37252	52663	38178	68946	49749
Уб	41280	29827	43167	31589	46104	33753	45186	32568	44440	32610	45523	32777	45319	33089	44654	32579	44799	32352	44944	32930	45133	32683	46757	33986
Мачванска област	43497	31508	51756	37470	52216	37944	52492	38131	52467	38139	54994	39857	54724	39798	50545	36708	53438	39010	52841	38408	52576	38099	60793	44213
Богатић	39962	29401	45729	33276	45408	33148	48292	35574	46376	34191	47655	35004	47723	35144	47322	34869	47738	35157	46868	34531	47567	34993	51457	37902
Владимирци	37912	27658	37528	27393	45128	33123	41431	30180	41930	30491	44494	32382	44487	32438	43468	31651	42841	31209	43503	31722	44382	32330	50802	37023
Коцељева	48596	35482	51037	37080	54264	39887	53294	39098	53193	39177	54471	40054	55635	41273	54971	40273	55127	40703	51943	38065	52190	38174	65040	47808
Крупањ	38648	28355	41401	30274	38510	28198	39838	29147	39430	28903	40952	30027	39423	28936	38662	28318	41024	30030	40694	29795	39900	29199	40341	29457
Лозница	36042	26149	46799	33985	46786	34032	47923	34899	48333	35187	48946	35638	55046	40021	40479	29540	48559	35493	48695	35549	47986	34985	59306	43276
Љубовија	44001	31871	55705	40264	53535	38707	56054	40484	53611	38779	55241	39904	57487	41540	49876	36146	58511	42240	55214	39927	55287	39934	64337	46382
Мали Зворник	40033	28982	46348	33593	49709	36028	52097	37825	51770	37551	48955	35524	50887	37034	53191	38672	51876	37874	49299	35932	49606	36147	55774	40525
Шабац	48453	34974	56950	41113	57368	41591	56966	41254	57115	41403	61421	44301	57179	41468	57473	41559	58027	42310	57568	41674	57225	41231	64500	46762
Моравичка област	49766	36094	55914	40453	55322	40224	58194	42266	54787	39828	60334	43770	57297	41566	56450	41028	58765	42668	56769	41200	58166	42216	66419	48138
Горњи Милановац	47131	34042	57735	41560	56710	40986	62483	45165	56060	40590	70109	50547	61250	44194	55733	40244	63499	45997	58645	42341	61551	44598	75135	54277
Ивањица	34665	25191	42558	30976	47906	34792	49258	35830	43053	31307	47346	34370	48361	35157	46250	33629	45523	33130	46546	33827	47029	34170	56863	41375
Лучани	68080	48780	68324	49035	68163	48957	73850	52993	69458	49805	74538	53456	75087	53814	78957	56565	79149	56715	79255	56736	79789	57008	88798	63437
Чачак	51103	37200	55899	40553	54283	39670	55826	40722	54411	39722	56725	41369	54788	39928	55455	40526	56483	41149	54758	39934	55854	40690	61561	44788
Поморавска област	46714	33802	50358	36302	50304	36479	54879	39873	50907	36784	52995	38288	51581	37366	50543	36515	52380	37984	51215	37190	51445	37223	55178	39967
Деспотовац	55952	39205	58205	40804	60750	42673	61383	42957	58305	40889	60044	41999	60666	42519	59238	41616	60918	42710	59303	41595	59147	41448	61593	43183
Параћин	45232	32968	51999	37338	50168	36605	63592	46725	51180	37048	57899	41941	51646	37801	52023	37578	54103	39480	51880	37979	52247	37535	67940	49336
Рековац	48445	35063	46405	33436	47153	34058	48869	35449	47385	34332	47838	34824	48000	34844	47702	34262	48667	35232	47694	34569	48024	34884	47590	34453
Јагодина	46879	34065	47037	34138	47616	34765	50306	36647	48295	35076	49142	35726	49744	36139	48011	34906	49975	36459	49350	36060	49369	36213	50133	36660
Свилајнац	46406	33729	51127	37158	50077	36402	52269	38040	51760	37560	51439	37218	50052	36397	47693	34651	50245	36574	49707	36190	50368	36691	49802	35863
Ћуприја	41913	30395	51621	37443	51075	37021	52394	38160	52498	38110	53030	38435	51660	37468	51341	37246	52310	37929	51364	37281	52067	37416	53248	38582
Расинска област	49260	36092	52099	38199	51331	37573	53526	39194	51076	37402	53454	39063	51250	37506	51636	37795	52793	38609	51916	37989	51816	37979	55952	40889
Александровац	43390	31636	46426	33750	46684	33950	48949	35733	43753	31791	48588	35328	47418	34594	47635	34677	48198	35085	47374	34546	46995	34187	51289	37363
Брус	43614	31732	46706	33917	45867	33308	45966	33343	44917	32656	46696	33913	45237	32870	46341	33645	46058	33463	43992	32002	44752	32540	46322	33648
Варварин	43767	31723	47906	34767	47964	34820	49067	35605	48327	35080	49270	35735	48307	35056	47596	34542	47800	34679	47066	34166	47368	34382	48378	35094
Крушевац	52770	38720	55721	40966	54607	40141	56946	41824	54533	40040	56731	41544	54043	39643	54822	40238	56173	41178	55419	40619	55206	40532	60428	44220
Трстеник	47439	34398	49332	35793	48813	35421	52090	37727	50436	36570	52057	37657	50301	36469	49308	35781	51111	37049	50339	36504	50243	36613	52854	38298
Ћићевац	35212	28018	38587	30417	38515	28477	37954	29191	36735	28750	39002	30451	36387	28011	37649	28873	38324	29431	36931	28757	37701	29432	38283	29764
Рашка област	47731	34750	51000	36998	52503	38164	53077	38600	50504	36550	53165	38510	51935	37691	52163	37865	52155	37848	51588	37496	52472	38185	57256	41291
Врњачка Бања	37978	27841	46313	33502	47611	35453	47027	35056	46852	33613	48429	35319	47429	35383	48696	35776	49191	36457	47814	35608	48348	36301	55551	41086
Краљево	49112	35815	54514	39738	56793	41178	57441	41689	53420	38882	56772	41213	55509	40408	55375	40312	55673	40363	54941	39935	56109	40747	61740	44758
Нови Пазар	50863	36943	49018	35329	49429	35832	50066	36311	48072	34525	50386	36270	49102	35143	51586	37128	47627	34373	50128	36166	49822	36078	52401	36974
Рашка	45875	33331	48170	34979	49689	36107	51244	37199	49808	36205	51816	37622	50446	36643	45790	33297	53727	39011	46719	33970	47785	34718	55236	40141
Тутин	42285	30579	48350	34908	50429	36458	50365	36390	49179	35542	51675	37350	50840	36743	49721	36002	51550	37267	50175	36297	55424	39994	55919	40394
Шумадијска област	51656	37513	57445	41742	57742	41919	59117	42971	58834	42542	59470	43121	58878	42574	59445	42974	58350	42172	56499	40861	57195	41367	64797	47012
Аранђеловац	42205	30547	52407	38027	60141	43624	63761	47253	56850	41288	62126	45561	55226	40060	57509	41675	58806	42624	55965	40591	57109	41396	68008	49658
Баточина	41634	30570	42283	31045	41665	30615	43304	31779	41850	30665	49539	36545	42920	31374	41699	30231	43829	32080	42787	31454	44217	32408	46252	33996
Кнић	51810	37695	51092	37166	51834	37804	54250	39852	51844	37795	57363	41984	52754	38522	49937	36262	51628	37506	51623	37610	52042	37805	56404	41319
Крагујевац	55153	40036	61168	44451	60082	43545	61128	44238	62232	44867	61211	44215	61814	44611	63114	45554	60784	43842	58874	42481	59486	42926	68107	49293
Рача	47008	34053	46318	33632	44676	33161	44891	31936	44317	32244	48182	34978	58927	42638	46553	34073	47482	34438	44525	32371	46049	33447	45996	33402
Топола	47609	34941	49949	36222	49551	35940	49320	35769	49295	35756	49979	36238	49900	36189	49887	36149	50949	36908	51171	37089	51546	37322	51687	37429
Лапово	49642	36026	54060	39203	52385	38202	53056	38726	57144	42010	54207	39277	53858	39210	53197	38597	54352	39582	54197	39462	53436	39270	55153	40286
Регион Јужне и Источне Србије	50959	36783	57120	41231	55930	40464	59001	42612	56822	41105	59533	42931	58268	41985	56372	40734	58350	42093	56756	41011	57536	41543	61432	44344
Борска област	60961	43789	66483	47780	64910	46686	66230	47596	66333	47680	66385	47715	65841	47349	66135	47544	67470	48482	64613	46525	65877	47377	67969	48876
Бор	65501	46972	70931	50844	68547	49201	70636	50657	69994	50209	72263	51733	69996	50189	69072	49533	71718	51414	67960	48835	70105	50265	70848	50806
Кладово	53288	38461	58294	42039	60569	43679	60830	43857	59472	42987	54925	39822	59007	42580	61374	44265	61617	44394	59082	42663	59456	42902	66936	48326
Мајданпек	64710	46319	70659	50797	64995	46800	67724	48550	68406	49021	69556	49991	66990	48168	69083	49660	70007	50321	66493	47855	67980	48906	68401	49140
Неготин	54387	39204	60708	43802	60406	43531	59880	43235	63150	45503	61988	44693	62166	44925	61575	44419	61140	44099	60770	43899	60684	43861	61257	44222
Браничевска област	56963	41151	65112	46933	64131	46242	65980	47707	64078	46373	64276	46274	63741	46012	62481	45056	64087	46188	62719	45250	63396	45709	65186	47007
Велико Градиште	45896	33358	46208	33673	45371	33023	46403	33746	45872	33393	47370	34428	48880	35608	45080	32783	47145	34263	46867	34086	47194	34317	49056	35643
Голубац	44123	32496	44944	33197	44184	32682	45810	33732	46158	34262	45263	33393	47111	34749	44987	33302	45912	33827	44123	32686	46819	34497	49276	36471
Жабари	38942	28487	38226	28319	38555	28178	39630	28907	38022	27805	39159	29026	38671	28716	38505	28131	38682	28295	38676	28368	37948	27774	39494	28886
Жагубица	52335	37918	52538	38064	51254	37150	54811	39647	52274	37804	54262	39268	50244	36400	53105	38464	57187	41371	51070	37020	52246	37843	53505	38727
Кучево	45107	33726	47990	35236	47385	34824	49980	36648	46134	33935	52376	37477	48008	35249	47233	34492	47872	35144	47225	34676	47997	35181	49244	36074
Мало Црниће	30320	22147	38871	28444	37855	27713	44973	32666	32400	23605	39750	28998	39304	28851	38736	28375	40244	29428	39387	28828	39477	28909	45424	33147
Петровац на Млави	36520	26645	47831	34859	46889	34063	46834	33154	47526	34523	43602	31682	48608	35351	42428	30851	48508	35240	46305	33674	45638	33180	48541	35306
Град Пожаревац	66158	47572	75925	54462	74885	53785	76797	55561	74970	54119	74792	53664	73431	52773	72920	52393	73740	52934	72577	52151	73505	52790	74844	53763
Пожаревац	45988	33438	59717	43138	54948	39835	60834	44744	57796	42312	56190	40668	57410	41624	55721	40402	55744	40367	55911	40523	56042	40602	59079	42788
Костолац	100152	71395	103255	73555	108712	77453	103946	73959	103688	73861	105684	75246	99709	71059	100662	71734	102774	73209	99448	70899	101435	72284	100003	71278
Зајечарска област	47299	34351	52310	37933	52186	37802	54724	39541	53916	39058	53857	39018	55487	40250	52700	38088	56537	40890	53393	38737	55438	40272	58279	42082
Бољевац	45473	33046	49175	35653	52284	37776	54159	39175	50866	36858	53860	38937	52933	38290	50351	36457	54431	39316	48684	35247	52951	38331	54704	39572
Зајечар	48074	34837	55072	39832	55327	39986	58384	42078	58569	42313	57314	41527	59457	43088	57022	41075	61520	44348	57226	41308	60542	43834	64584	46355
Књажевац	42937	31419	46224	33782	43849	31905	45583	33147	45177	32984	44442	32303	47971	34995	44189	32274	46638	34067	46289	34075	45644	33589	47709	34935
Сокобања	54118	39121	56346	40727	57129	41504	59911	43233	56122	40569	59848	43188	58167	42014	55777	40081	59409	42874	56885	41099	58399	42166	59308	42806
Јабланичка област	43291	31337	48181	35144	48389	35241	51597	37586	48884	35538	48913	35501	50868	36648	48922	35682	49464	35917	49133	35764	49245	35847	52751	38325
Бојник	40886	29577	36299	25377	52070	37363	47850	33988	41707	29413	47124	33373	46402	32866	44591	31515	45780	32326	47595	33745	46290	32654	49741	35301
Власотинце	37471	27473	45339	33492	48838	36292	45291	33193	42240	31025	47235	34592	44372	32511	45099	33012	45577	33473	44317	32397	44580	32732	54289	39842
Лебане	40631	29601	42765	31181	43995	31325	43980	32060	43139	31450	44675	32214	42795	31616	42924	31317	43716	31873	43072	31943	42593	31124	46998	33773
Лесковац	44002	31780	49007	35789	47949	34876	53300	38872	48454	35301	50974	36988	52482	37594	49471	36049	50282	36474	50470	36734	50243	36506	51902	37708
Медвеђа	59132	42579	59884	41938	60806	43628	59889	42535	97573	68784	27748	19805	64341	47396	68539	50662	61714	44511	57453	41039	63926	47188	73716	52937
Црна Трава	39837	28822	41970	30381	40376	28979	44936	32606	40247	28877	37078	27073	38540	27885	36116	26441	44336	31438	35468	25918	38755	27875	46048	33273
Нишавска област	53384	38492	57812	41794	56285	40751	58373	42171	57452	41540	57050	41200	58290	42041	56241	40667	57623	41692	56322	40753	57132	41288	61639	44638
Алексинац	60503	43619	61260	44207	54323	39350	56235	40725	56054	40766	55701	40308	59922	43321	53159	38496	54020	39108	52634	38145	53619	38852	54361	39377
Гаџин Хан	35886	26489	38710	28568	38457	28391	38688	28555	38319	28298	38651	28528	38465	28398	38212	28212	38593	28486	38343	28315	38276	28258	38464	28387
Дољевац	43607	31686	47840	34741	47446	34464	48621	35318	47917	34814	48028	34883	48112	34960	47505	34537	48885	35528	47348	34422	47832	34760	52971	38457
Мерошина	41603	30357	69615	51945	46685	34112	46575	33791	44657	32684	46316	33729	52536	35038	50873	38175	46182	33630	47397	33471	47334	34357	48250	35100
Ражањ	37173	27098	43188	31523	44420	32597	43344	31636	44709	32651	45172	32965	43227	31543	44753	32655	42395	30900	44880	32752	43227	31544	41479	30268
Сврљиг	35054	25607	39955	29171	39380	28771	40498	29543	39647	28970	41417	30196	40524	29569	39749	29010	40730	29705	40267	29384	40136	29298	40480	29539
Град Ниш	53963	38876	58363	42145	57770	41794	60037	43333	59007	42603	58465	42180	59413	42863	57775	41717	59424	42965	58019	41965	58896	42521	64181	46454
Нишка Бања	37083	26847	45667	33213	45164	32961	44789	32582	44862	33405	45673	33290	44428	32375	44349	32317	44543	32469	42633	31788	45288	33647	44884	33700
Пантелеј	38223	28215	46276	33399	45666	33649	48450	35572	40785	30114	50124	36477	46201	34155	42076	30766	51602	38002	42243	30964	48310	35394	43692	31993
Црвени крст	63833	45915	67081	48279	65143	47185	66789	48214	72915	52553	67133	48217	71596	51455	66107	47703	68126	49079	68907	49535	68738	49601	76726	55372
Палилула	48963	35263	51418	37325	51403	37352	51896	37734	50555	36499	52168	37865	53789	38722	50438	36572	53808	39291	50906	36940	51457	37339	56812	41240
Медијана	55133	39655	59616	43040	59305	42764	62249	44780	59999	43200	59210	42671	59724	43040	59704	43021	60084	43312	59412	42919	59864	43065	66032	47688
Пиротска област	57729	41581	58951	42540	57782	41800	66852	48201	63224	45570	72640	52602	72343	52223	63117	45491	73004	52331	64732	46659	66413	47694	70069	50480
Бабушница	27164	19771	49254	35681	49453	35853	69212	50055	34064	24746	70439	50878	53195	38432	33141	24060	59406	42896	53702	38856	55472	40100	79833	57501
Бела Паланка	32409	23692	39361	28680	38074	27843	38407	28075	38267	27965	37954	27772	38807	28369	38743	28310	39355	28746	39684	28872	37207	27306	41761	30566
Димитровград	36646	26620	44028	32078	42431	30931	44842	32670	44469	32402	45811	33391	44857	32718	44016	32075	43931	31983	43193	31495	45051	32806	43822	31909
Пирот	68345	49127	64486	46444	63177	45628	72094	51872	73490	52852	79881	57812	82534	59498	73300	52718	82434	58920	71801	51658	73659	52742	74072	53281
Подунавска област	52744	38311	62326	45017	59670	43313	68327	49163	55614	40418	76202	54636	61245	44021	61060	43971	63306	45714	61626	44630	62920	45384	71288	51361
Велика Плана	49718	36062	52269	37892	51903	37665	52519	38060	51470	37332	55473	40265	51128	36980	53353	38675	52931	38356	53653	38893	53957	39099	54859	39742
Смедерево	58056	41932	69769	50129	66507	48118	79117	56752	58962	42627	91172	65184	69157	49585	68146	48991	70069	50371	67930	48918	69398	49958	80482	57786
Смедеревска Паланка	38365	28654	46586	34378	44003	32448	46408	33734	48157	35768	44763	32298	43990	31833	44514	32124	49856	36615	47707	35405	47995	34807	52660	38460
Пчињска област	41358	29797	51819	37053	51334	37143	51739	37217	49190	35323	51795	37284	52160	37479	49536	35663	50672	36270	50882	36482	51764	37190	56922	40815
Босилеград	45651	33410	49485	36388	39858	29275	59446	43299	39418	28956	61931	45058	47298	34565	47431	34613	48227	35061	46838	34204	49157	35835	49027	35731
Бујановац	37820	27139	49024	34994	47711	34033	47660	34142	46965	33474	46579	33347	47587	33761	47138	33841	49977	35683	48268	34190	47123	33785	52350	37390
Владичин Хан	34016	24899	41917	30474	42956	31278	43490	31629	42891	31187	44973	32797	51063	37125	34526	25100	44598	32377	44765	32504	45557	33051	58287	42240
Град Врање	42670	30658	54308	38629	54205	39252	53660	38455	51421	36804	53878	38695	54677	39201	52337	37567	52717	37531	53181	38032	54686	39158	59898	42827
Врање	43187	30936	56437	40010	56298	40747	55198	39494	52675	37637	55166	39431	55865	39940	53660	38464	54153	38463	54577	38966	55701	39763	62258	44555
Врањска Бања	39182	28775	40352	29572	40433	29416	43516	31600	43282	31399	45674	34009	46565	34158	43352	31473	43543	31577	43740	31718	47897	35117	45047	31954
Прешево	39366	28477	50179	36046	48131	34673	50766	36988	47510	34227	49035	35421	48795	35219	52657	38056	47364	34117	51037	36684	48606	34988	54276	38989
Сурдулица	47302	34009	55306	39640	56706	41141	55038	39570	52809	38084	54480	39176	52674	37901	52692	38039	53801	38669	52389	37690	54004	38948	55376	39813
Трговиште	26849	19592	36451	26804	35747	25947	35405	25813	34914	25444	35156	25604	36823	26884	34110	24858	35424	25902	35010	25500	36036	26172	35465	25251
Топличка област	44641	32011	49425	35552	47226	33989	47987	34870	56507	41235	50091	36099	48731	35000	49161	35840	49188	35554	50433	36382	49014	35467	49304	35646
Блаце	39015	27705	48695	35463	47068	34107	47391	34224	48161	35000	48739	35371	46441	32973	49530	36164	50538	37795	51285	37206	47032	34316	57703	42172
Житорађа	44631	32235	53054	38443	49266	35710	49475	35881	53076	38169	53847	38935	52574	38035	51564	37370	50551	36627	51690	37562	51153	37029	49819	36103
Куршумлија	44790	30746	48484	33352	48116	33040	37416	27150	91280	67964	50948	35512	50050	34457	49111	33901	50852	35583	47569	33181	47443	33218	54412	38842
Прокупље	45268	32805	49515	35905	46918	34095	50453	36702	49440	35807	49825	36160	48461	35196	48992	36178	48555	35224	50941	36977	49492	36042	47114	34119